a3=[-1.27155e-08 0.500095 8.88349e-15];
a4=[8.56018e-15 -8.88349e-15 0.500095];
a5=[-0.500095 -1.27155e-08 8.56018e-15];
a30=[7.10542e-14 1 1.77635e-14];
a31=[1.77635e-14 -1.77635e-14 1];
a32=[1 -7.10542e-14 -1.77635e-14];

b3=5.45921e-06;
b4=-1.03236e-06;
b5=-3.55471e-07;
b30=1.88974e-07;
b31=-2.6284e-08;
b32=2.71588e-08;
res=a3*b3+a4*b4+a5*b5;
res2=a30*b30+a31*b31+a32*b32;
res+res2